a.Point
x: 383.3226766740782
y: 178.67062471402895

x=381
y=176



a.Point
x: 401.5044948558963
y: 195.94335198675623